Table content of f(n-1) + 2 * n  - 1:
0.0002248287, 353
0.0002267361, 597
0.0002367496, 623
0.0001289845, 440
0.0000209808, 128
0.0002267361, 627
0.0001266003, 418
0.0001831055, 518
0.0003132820, 840
0.0001456738, 475
0.0002622604, 678
0.0000350475, 207
0.0003089905, 853
0.0000045300, 28
0.0000772476, 320
0.0000653267, 273
0.0000445843, 260
0.0002093315, 562
0.0002329350, 665
0.0000669956, 288
0.0000233650, 142
0.0002229214, 605
0.0000164509, 102
0.0002202988, 675
0.0000917912, 369
0.0004026890, 962
0.0003151894, 868
0.0000066757, 39
0.0000789165, 324
0.0002331734, 637
0.0000121593, 73
0.0001022816, 399
0.0001499653, 454
0.0003511906, 904
0.0002448559, 709
0.0000021458, 10
0.0000784397, 320
0.0001366138, 456
0.0000026226, 15
0.0000407696, 239
0.0000154972, 94
0.0001769066, 451
0.0001945496, 592
0.0003249645, 908
0.0001208782, 381
0.0003767014, 979
0.0001711845, 490
0.0000081062, 48
0.0000348091, 205
0.0001521111, 497
0.0000333786, 199
0.0000281334, 167
0.0000116825, 71
0.0000405312, 236
0.0003135204, 859
0.0003325939, 815
0.0000288486, 172
0.0003058910, 848
0.0002658367, 696
0.0000693798, 299
0.0000276566, 165
0.0002892017, 782
0.0002784729, 732
0.0000360012, 214
0.0001926422, 582
0.0003480911, 849
0.0002043247, 615
0.0002131462, 644
0.0003032684, 800
0.0004000664, 962
0.0001251698, 423
0.0000874996, 353
0.0000426769, 250
0.0003240108, 874
0.0000367165, 217
0.0001413822, 378
0.0003345013, 892
0.0000021458, 11
0.0003988743, 988
0.0000267029, 160
0.0000014305, 5
0.0000200272, 124
0.0000441074, 257
0.0001888275, 522
0.0002305508, 623
0.0000979900, 379
0.0000431538, 252
0.0003199577, 862
0.0003139973, 729
0.0000460148, 267
0.0001451969, 470
0.0000398159, 234
0.0001242161, 410
0.0001237392, 408
0.0000171661, 106
0.0000867844, 341
0.0000154972, 95
0.0000329018, 196
0.0004572868, 956
0.0004546642, 907
0.0002574921, 648
0.0000100136, 48
0.0005462170, 948
0.0003190041, 801
0.0000123978, 75
0.0004060268, 762
0.0001797676, 511
0.0002264977, 676
0.0004639626, 991
0.0000042915, 24
0.0001888275, 573
0.0002322197, 447
0.0000114441, 69
0.0000312328, 180
0.0000360012, 212
0.0001342297, 449
0.0001845360, 570
0.0000224113, 135
0.0002090931, 463
0.0003364086, 852
0.0000910759, 362
0.0004904270, 967
0.0000464916, 228
0.0000007153, 1
0.0000512600, 240
0.0001797676, 502
0.0001363754, 409
0.0000805855, 335
0.0000123978, 76
0.0000634193, 273
0.0000436306, 257
0.0002160072, 645
0.0000088215, 53
0.0002348423, 567
0.0002429485, 692
0.0003492832, 880
0.0002410412, 655
0.0001449585, 457
0.0002636909, 689
0.0003666878, 959
0.0003829002, 937
0.0003414154, 881
0.0002591610, 747
0.0000984669, 383
0.0000073910, 45
0.0003039837, 736
0.0000250340, 152
0.0002207756, 674
0.0000076294, 46
0.0000991821, 384
0.0000283718, 169
0.0001459122, 482
0.0000269413, 162
0.0000798702, 332
0.0002160072, 536
0.0001482964, 489
0.0002427101, 685
0.0000886917, 351
0.0001018047, 326
0.0002782345, 801
0.0000107288, 66
0.0000467300, 166
0.0002956390, 729
0.0002057552, 624
0.0000271797, 163
0.0001959801, 521
0.0001785755, 490
0.0003600121, 835
0.0000784397, 322
0.0003094673, 757
0.0001311302, 352
0.0003359318, 764
0.0000376701, 213
0.0001060963, 394
0.0000336170, 194
0.0002737045, 712
0.0001299381, 439
0.0002732277, 711
0.0002644062, 650
0.0002236366, 658
0.0000362396, 207
0.0003585815, 871
0.0002033710, 468
0.0000710487, 303
0.0000309944, 186
0.0001490116, 484
0.0000755787, 308
0.0001900196, 562
0.0008080006, 956
0.0002095699, 607
0.0004656315, 953
0.0003843307, 888
0.0000724792, 282
0.0004346371, 995
0.0000748634, 286
0.0003077984, 755
0.0002083778, 585
0.0000033379, 16
0.0001471043, 462
0.0000407696, 240
0.0000081062, 49
0.0001282692, 376
0.0002825260, 325
0.0002756119, 760
0.0003969669, 973
0.0004873276, 971
0.0004367828, 978
0.0002253056, 616
0.0001912117, 431
0.0000925064, 283
0.0002350807, 616
0.0002241135, 657
0.0002703667, 676
0.0002582073, 732
0.0000689030, 296
0.0000791550, 327
0.0000269413, 161
0.0000762939, 306
0.0000438690, 258
0.0002722740, 709
0.0003058910, 702
0.0002450943, 670
0.0002698898, 754
0.0001237392, 420
0.0001564026, 468
0.0003407001, 876
0.0000624657, 271
0.0001413822, 466
0.0002481937, 647
0.0000286102, 172
0.0003929138, 718
0.0001325607, 431
0.0001044273, 381
0.0000119209, 74
0.0002737045, 664
0.0000391006, 229
0.0000371933, 215
0.0000994205, 275
0.0002150536, 629
0.0003311634, 846
0.0001614094, 533
0.0001950264, 580
0.0003738403, 907
0.0001268387, 432
0.0003294945, 832
0.0000448227, 260
0.0003793240, 929
0.0000116825, 70
0.0000045300, 27
0.0003371239, 869
0.0000691414, 300
0.0000803471, 335
0.0000159740, 97
0.0000386238, 228
0.0001788139, 544
0.0002985001, 732
0.0000905991, 357
0.0001204014, 409
0.0000741482, 307
0.0001871586, 576
0.0002076626, 550
0.0000197887, 121
0.0001163483, 406
0.0000305176, 181
0.0000112057, 68
0.0002112389, 644
0.0003957748, 974
0.0000054836, 33
0.0000991821, 382
0.0004363060, 880
0.0002815723, 698
0.0000245571, 149
0.0002593994, 566
0.0002856255, 547
0.0000667572, 131
0.0003283024, 806
0.0003504753, 878
0.0003128052, 796
0.0002498627, 678
0.0002226830, 664
0.0000007153, 2
0.0002634525, 728
0.0004329681, 981
0.0001270771, 431
0.0000898838, 358
0.0000460148, 267
0.0000233650, 142
0.0003993511, 970
0.0001983643, 603
0.0001473427, 419
0.0000662804, 284
0.0001852512, 568
0.0000233650, 142
0.0000388622, 229
0.0001037121, 406
0.0004389286, 927
0.0000112057, 64
0.0000226498, 138
0.0000689030, 280
0.0001485348, 492
0.0004899502, 975
0.0003890991, 975
0.0002732277, 679
0.0000412464, 237
0.0001943111, 572
0.0000462532, 47
0.0000159740, 93
0.0000476837, 266
0.0002329350, 651
0.0000095367, 58
0.0003597736, 896
0.0000259876, 155
0.0001895428, 561
0.0000176430, 110
0.0002820492, 676
0.0000209808, 131
0.0002110004, 623
0.0002095699, 625
0.0000109673, 67
0.0000429153, 249
0.0000112057, 68
0.0000221729, 136
0.0002825260, 610
0.0000050068, 30
0.0000228882, 140
0.0000278950, 169
0.0000257492, 155
0.0000920296, 362
0.0003221035, 859
0.0000698566, 301
0.0004162788, 975
0.0000169277, 101
0.0000762939, 305
0.0002648830, 679
0.0003573895, 964
0.0003061295, 753
0.0003089905, 854
0.0000877380, 351
0.0000791550, 332
0.0000064373, 40
0.0000195503, 121
0.0003559589, 925
0.0002975464, 738
0.0001351833, 450
0.0003550053, 952
0.0000128746, 81
0.0003523827, 874
0.0001604557, 525
0.0003926754, 994
0.0003890991, 941
0.0002107620, 639
0.0002686977, 779
0.0000693798, 300
0.0001564026, 442
0.0000624657, 271
0.0003538132, 925
0.0003602505, 932
0.0000016689, 9
0.0004081726, 888
0.0000565052, 229
0.0000450611, 261
0.0004057884, 923
0.0002987385, 664
0.0000910759, 344
0.0003314018, 793
0.0002493858, 630
0.0000026226, 15
0.0003063679, 830
0.0000104904, 61
0.0002510548, 566
0.0008928776, 548
0.0004467964, 940
0.0000319481, 189
0.0003919601, 979
0.0000081062, 47
0.0004894733, 975
0.0002608299, 737
0.0000457764, 266
0.0002837181, 713
0.0001661777, 464
0.0000126362, 76
0.0003526211, 880
0.0004343987, 927
0.0002846718, 590
0.0003221035, 711
0.0001385212, 462
0.0000007153, 1
0.0000984669, 373
0.0000660419, 287
0.0000996590, 385
0.0004103184, 899
0.0000917912, 361
0.0003695488, 937
0.0002806187, 717
0.0002124310, 637
0.0001249313, 388
0.0001966953, 570
0.0002005100, 592
0.0004301071, 977
0.0000355244, 210
0.0000305176, 181
0.0001227856, 415
0.0000166893, 103
0.0002536774, 733
0.0003414154, 828
0.0001883507, 564
0.0002918243, 761
0.0000131130, 81
0.0001420975, 472
0.0000774860, 322
0.0001871586, 570
0.0001957417, 412
0.0003013611, 832
0.0002183914, 666
0.0002803802, 741
0.0000188351, 117
0.0000433922, 125
0.0001323223, 439
0.0002551079, 674
0.0003418922, 786
0.0000042915, 24
0.0000038147, 22
0.0000209808, 129
0.0003404617, 796
0.0001878738, 463
0.0001142025, 393
0.0002245903, 628
0.0001542568, 502
0.0004088879, 951
0.0002703667, 694
0.0003511906, 804
0.0000348091, 204
0.0003309250, 763
0.0003659725, 949
0.0000114441, 70
0.0002672672, 703
0.0001049042, 405
0.0003609657, 954
0.0000379086, 225
0.0000193119, 118
0.0002450943, 673
0.0002756119, 788
0.0000085831, 53
0.0000035763, 21
0.0001533031, 415
0.0003645420, 920
0.0003542900, 876
0.0002975464, 713
0.0002810955, 705
0.0000157356, 93
0.0002212524, 666
0.0000226498, 139
0.0006659031, 863
0.0002350807, 620
0.0002038479, 599
0.0001358986, 431
0.0003621578, 831
0.0000083447, 51
0.0004312992, 919
0.0001351833, 453
0.0000247955, 150
0.0003163815, 825
0.0002653599, 637
0.0000889301, 356
0.0003554821, 953
0.0000011921, 4
0.0000813007, 273
0.0000071526, 44
0.0001626015, 459
0.0002453327, 711
0.0001325607, 443
0.0000221729, 135
0.0004079342, 964
0.0003597736, 842
0.0000317097, 164
0.0000340939, 202
0.0003092289, 796
0.0001330376, 445
0.0003981590, 935
0.0001220703, 416
0.0003538132, 865
0.0000336170, 200
0.0001275539, 435
0.0004372597, 930
0.0000925064, 347
0.0003738403, 852
0.0003352165, 780
0.0000457764, 263
0.0002691746, 667
0.0001420975, 467
0.0002031326, 544
0.0000815392, 273
0.0004260540, 923
0.0000355244, 205
0.0003087521, 750
0.0001637936, 531
0.0003654957, 935
0.0000026226, 15
0.0000188351, 110
0.0000278950, 162
0.0003609657, 926
0.0001268387, 430
0.0003077984, 764
0.0001215935, 415
0.0001239777, 424
0.0001461506, 486
0.0003263950, 844
0.0002574921, 681
0.0000419617, 247
0.0001482964, 483
0.0000236034, 143
0.0003027916, 807
0.0000240803, 145
0.0003061295, 808
0.0001325607, 331
0.0001893044, 576
0.0000321865, 192
0.0000131130, 80
0.0000114441, 68
0.0002045631, 620
0.0000257492, 154
0.0000369549, 218
0.0003285408, 838
0.0000064373, 40
0.0001471043, 414
0.0003583431, 893
0.0000691414, 294
0.0002713203, 772
0.0000765324, 318
0.0000338554, 200
0.0000038147, 22
0.0000076294, 48
0.0002093315, 593
0.0001215935, 380
0.0001473427, 487
0.0002460480, 706
0.0002093315, 559
0.0003647804, 893
0.0002484322, 671
0.0003168583, 880
0.0001342297, 450
0.0003209114, 771
0.0000202656, 126
0.0000078678, 48
0.0000412464, 243
0.0005068779, 879
0.0003693104, 891
0.0001614094, 534
0.0000779629, 324
0.0000073910, 45
0.0000441074, 256
0.0000672340, 289
0.0000336170, 199
0.0002326965, 637
0.0000019073, 9
0.0000183582, 113
0.0003156662, 828
0.0001013279, 310
0.0002605915, 484
0.0000228882, 140
0.0002789497, 806
0.0002613068, 690
0.0000050068, 28
0.0000333786, 197
0.0003635883, 936
0.0000967979, 373
0.0003783703, 926
0.0000932217, 362
0.0000169277, 105
0.0000131130, 82
0.0001468658, 484
0.0002174377, 589
0.0002191067, 668
0.0000305176, 181
0.0000033379, 20
0.0002160072, 544
0.0001459122, 387
0.0000138283, 67
0.0003595352, 838
0.0002458096, 697
0.0000023842, 12
0.0000767708, 311
0.0002791882, 652
0.0002717972, 765
0.0002205372, 585
0.0000059605, 35
0.0003337860, 909
0.0001914501, 509
0.0002501011, 653
0.0003523827, 834
0.0000414848, 200
0.0002892017, 669
0.0000963211, 338
0.0000069141, 42
0.0000927448, 369
0.0000381470, 226
0.0002577305, 739
0.0000762939, 311
0.0000169277, 105
0.0002758503, 732
0.0002844334, 736
0.0002906322, 774
0.0003077984, 852
0.0000176430, 109
0.0001921654, 508
0.0000319481, 189
0.0000107288, 67
0.0003366470, 939
0.0003609657, 943
0.0000967979, 375
0.0001626015, 489
0.0000259876, 155
0.0000190735, 117
0.0003364086, 863
0.0000092983, 59
0.0000803471, 337
0.0002179146, 664
0.0001583099, 450
0.0001082420, 351
0.0003125668, 861
0.0003433228, 882
0.0000021458, 13
0.0000989437, 384
0.0001504421, 502
0.0001535416, 436
0.0000083447, 49
0.0001587868, 450
0.0001406670, 473
0.0000929832, 368
0.0000655651, 281
0.0001800060, 549
0.0000085831, 54
0.0000238419, 144
0.0001533031, 499
0.0001692772, 413
0.0000262260, 158
0.0000255108, 156
0.0003252029, 901
0.0000135899, 83
0.0000057220, 34
0.0000064373, 39
0.0001337528, 442
0.0003776550, 912
0.0002725124, 773
0.0002975464, 782
0.0000295639, 176
0.0001626015, 532
0.0000808239, 334
0.0000405312, 239
0.0002329350, 549
0.0000128746, 79
0.0002510548, 719
0.0000395775, 234
0.0002179146, 654
0.0000259876, 156
0.0000641346, 272
0.0002398491, 562
0.0000450611, 260
0.0000398159, 233
0.0002224445, 263
0.0000131130, 80
0.0002114773, 609
0.0000638962, 278
0.0000028610, 16
0.0000660419, 289
0.0002639294, 685
0.0000126362, 77
0.0002775192, 797
0.0000171661, 106
0.0000383854, 226
0.0001327991, 446
0.0003349781, 866
0.0001008511, 392
0.0004208088, 856
0.0000319481, 190
0.0003125668, 870
0.0003402233, 837
0.0001399517, 470
0.0000452995, 262
0.0002162457, 602
0.0003149509, 663
0.0002522469, 595
0.0000374317, 220
0.0003559589, 903
0.0001833439, 559
0.0000014305, 6
0.0000460148, 266
0.0003027916, 738
0.0000700951, 236
0.0002303123, 582
0.0000278950, 167
0.0003206730, 876
0.0004324913, 952
0.0003340244, 905
0.0002830029, 746
0.0000038147, 23
0.0000057220, 33
0.0000867844, 342
0.0002775192, 618
0.0004060268, 907
0.0003917217, 944
0.0000164509, 101
0.0003309250, 834
0.0003230572, 824
0.0001935959, 585
0.0000870228, 349
0.0000681877, 300
0.0000324249, 192
0.0002827644, 691
0.0002202988, 668
0.0001564026, 511
0.0000438690, 257
0.0000336170, 201
0.0003967285, 964
0.0003631115, 944
0.0002174377, 662
0.0003857613, 945
0.0000114441, 66
0.0001859665, 555
0.0002558231, 740
0.0000400543, 236
0.0000171661, 106
0.0000925064, 370
0.0002791882, 731
0.0002293587, 558
0.0003299713, 823
0.0003142357, 868
0.0004189014, 987
0.0003948212, 981
0.0002906322, 810
0.0002672672, 644
0.0003662109, 976
0.0000128746, 78
0.0003452301, 898
0.0003516674, 914
0.0002057552, 554
0.0003168583, 881
0.0001602173, 461
0.0000257492, 155
0.0001330376, 389
0.0000247955, 148
0.0000238419, 144
0.0002071857, 629
0.0003530979, 915
0.0004129410, 655
0.0002014637, 597
0.0001022816, 397
0.0000991821, 312
0.0000998974, 388
0.0000021458, 11
0.0000228882, 137
0.0003151894, 882
0.0003559589, 874
0.0003051758, 811
0.0001490116, 341
0.0002942085, 730
0.0002050400, 623
0.0002458096, 678
0.0001833439, 569
0.0004231930, 955
0.0000154972, 94
0.0000016689, 9
0.0002160072, 650
0.0001230240, 422
0.0003595352, 922
0.0000171661, 106
0.0003528595, 941
0.0003256798, 846
0.0000298023, 179
0.0000030994, 18
0.0001807213, 551
0.0000979900, 379
0.0002028942, 468
0.0002059937, 622
0.0000009537, 4
0.0000278950, 167
0.0000934601, 356
0.0002334118, 562
0.0000138283, 84
0.0001299381, 393
0.0004136562, 993
0.0003821850, 944
0.0000317097, 187
0.0002567768, 720
0.0002694130, 582
0.0002672672, 659
0.0003905296, 933
0.0000391006, 228
0.0000391006, 186
0.0000317097, 151
0.0003020763, 703
0.0001621246, 532
0.0003600121, 935
0.0002832413, 686
0.0001814365, 550
0.0001602173, 527
0.0003235340, 834
0.0002949238, 805
0.0002763271, 717
0.0001945496, 594
0.0000655651, 282
0.0001454353, 485
0.0003774166, 895
0.0002558231, 727
0.0002870560, 751
0.0000207424, 128
0.0002186298, 663
0.0003414154, 746
0.0003342628, 912
0.0000054836, 34
0.0002374649, 614
0.0001230240, 408
0.0003638268, 895
0.0000069141, 42
0.0001215935, 414
0.0001831055, 520
0.0001356602, 451
0.0000286102, 171
0.0002286434, 642
0.0003373623, 844
0.0000379086, 222
0.0000014305, 8
0.0003221035, 864
0.0000162125, 101
0.0001227856, 385
0.0001950264, 509
0.0000033379, 15
0.0000863075, 329
0.0000908375, 353
0.0000035763, 22
0.0000774860, 316
0.0001533031, 506
0.0002405643, 653
0.0001494884, 500
0.0001387596, 427
0.0000283718, 169
0.0001623631, 538
0.0002384186, 647
0.0004491806, 761
0.0003373623, 794
0.0003595352, 954
0.0002324581, 635
0.0000748634, 310
0.0000131130, 81
0.0002834797, 775
0.0001523495, 412
0.0000114441, 70
0.0002245903, 543
0.0001010895, 395
0.0000991821, 386
0.0003194809, 824
0.0000100136, 61
0.0002756119, 731
0.0002977848, 828
0.0001437664, 412
0.0001974106, 570
0.0000014305, 5
0.0000069141, 41
0.0000090599, 54
0.0001788139, 545
0.0002970695, 781
0.0000400543, 237
0.0001015663, 395
0.0002360344, 679
0.0002427101, 639
0.0000693798, 303
0.0002563000, 744
0.0001513958, 507
0.0000455379, 264
0.0003035069, 765
0.0002655983, 655
0.0003418922, 823
0.0000228882, 141
0.0002095699, 639
0.0001735687, 457
0.0002510548, 678
0.0000054836, 34
0.0000102520, 63
0.0003087521, 844
0.0000684261, 294
0.0004680157, 923
0.0003716946, 912
0.0000441074, 210
0.0000317097, 188
0.0002558231, 719
0.0000307560, 183
0.0001721382, 484
0.0003025532, 794
0.0002183914, 668
0.0003962517, 967
0.0002248287, 672
0.0002036095, 548
0.0000452995, 264
0.0001339912, 452
0.0002634525, 759
0.0002365112, 582
0.0000379086, 175
0.0000944138, 288
0.0002145767, 622
0.0003616810, 899
0.0000278950, 168
0.0000233650, 142
0.0000977516, 300
0.0002563000, 697
0.0003075600, 796
0.0000901222, 350
0.0000975132, 375
0.0000200272, 127
0.0002825260, 737
0.0001571178, 513
0.0003478527, 902
0.0002746582, 724
0.0000083447, 52
0.0003826618, 953
0.0000290871, 175
0.0001528263, 501
0.0002424717, 652
0.0002572536, 733
0.0004096031, 975
0.0002214909, 678
0.0000979900, 379
0.0000286102, 172
0.0003097057, 725
0.0000395775, 231
0.0002229214, 645
0.0002174377, 577
0.0002210140, 668
0.0000870228, 350
0.0000009537, 4
0.0001213551, 416
0.0002648830, 650
0.0002932549, 419
0.0001492500, 480
0.0003836155, 948
0.0000953674, 371
0.0003378391, 946
0.0002596378, 680
0.0002202988, 642
0.0002353191, 401
0.0000991821, 358
0.0003092289, 714
0.0000393391, 184
0.0001528263, 432
0.0000033379, 13
0.0001530647, 440
0.0000600815, 235
0.0003817081, 904
0.0003435612, 929
0.0002710819, 654
0.0003142357, 855
0.0002317429, 638
0.0000874996, 352
0.0001027584, 402
0.0000193119, 118
0.0001270771, 438
0.0000398159, 231
0.0004012585, 973
0.0001816750, 554
0.0000343323, 204
0.0001788139, 545
0.0000770092, 321
0.0000238419, 145
0.0002756119, 566
0.0003204346, 860
0.0001897812, 539
0.0002055168, 620
0.0000746250, 305
0.0002126694, 524
0.0000994205, 377
0.0002782345, 708
0.0003490448, 821
0.0001583099, 364
0.0003170967, 737
0.0000369549, 217
0.0000298023, 179
0.0000686646, 290
0.0000212193, 132
0.0003354549, 835
0.0002231598, 615
0.0000426769, 249
0.0002202988, 671
0.0002744198, 724
0.0001492500, 500
0.0000312328, 187
0.0000872612, 353
0.0001668930, 499
0.0000472069, 270
0.0000665188, 282
0.0002517700, 634
0.0000479221, 217
0.0003633499, 862
0.0004107952, 867
0.0000047684, 28
0.0000462532, 266
0.0000936985, 366
0.0000402927, 237
0.0002753735, 776
0.0000457764, 267
0.0003616810, 866
0.0001819134, 551

Table content of n²:
0.0000014305, 353
0.0000009537, 597
0.0000007153, 623
0.0000007153, 440
0.0000004768, 128
0.0000004768, 627
0.0000004768, 418
0.0000004768, 518
0.0000007153, 840
0.0000004768, 475
0.0000004768, 678
0.0000004768, 207
0.0000007153, 853
0.0000004768, 28
0.0000007153, 320
0.0000004768, 273
0.0000004768, 260
0.0000004768, 562
0.0000007153, 665
0.0000004768, 288
0.0000007153, 142
0.0000004768, 605
0.0000004768, 102
0.0000007153, 675
0.0000004768, 369
0.0000007153, 962
0.0000004768, 868
0.0000004768, 39
0.0000007153, 324
0.0000004768, 637
0.0000004768, 73
0.0000007153, 399
0.0000007153, 454
0.0000004768, 904
0.0000004768, 709
0.0000004768, 10
0.0000004768, 320
0.0000004768, 456
0.0000004768, 15
0.0000004768, 239
0.0000004768, 94
0.0000004768, 451
0.0000004768, 592
0.0000004768, 908
0.0000004768, 381
0.0000004768, 979
0.0000004768, 490
0.0000004768, 48
0.0000007153, 205
0.0000007153, 497
0.0000007153, 199
0.0000004768, 167
0.0000004768, 71
0.0000007153, 236
0.0000004768, 859
0.0000007153, 815
0.0000007153, 172
0.0000007153, 848
0.0000004768, 696
0.0000007153, 299
0.0000004768, 165
0.0000004768, 782
0.0000004768, 732
0.0000004768, 214
0.0000004768, 582
0.0000004768, 849
0.0000007153, 615
0.0000004768, 644
0.0000007153, 800
0.0000007153, 962
0.0000004768, 423
0.0000004768, 353
0.0000004768, 250
0.0000004768, 874
0.0000004768, 217
0.0000004768, 378
0.0000004768, 892
0.0000007153, 11
0.0000004768, 988
0.0000004768, 160
0.0000007153, 5
0.0000004768, 124
0.0000004768, 257
0.0000004768, 522
0.0000007153, 623
0.0000004768, 379
0.0000004768, 252
0.0000007153, 862
0.0000007153, 729
0.0000007153, 267
0.0000004768, 470
0.0000007153, 234
0.0000007153, 410
0.0000004768, 408
0.0000007153, 106
0.0000004768, 341
0.0000004768, 95
0.0000004768, 196
0.0000007153, 956
0.0000009537, 907
0.0000009537, 648
0.0000007153, 48
0.0000007153, 948
0.0000004768, 801
0.0000009537, 75
0.0000007153, 762
0.0000009537, 511
0.0000004768, 676
0.0000007153, 991
0.0000004768, 24
0.0000004768, 573
0.0000011921, 447
0.0000004768, 69
0.0000004768, 180
0.0000004768, 212
0.0000007153, 449
0.0000004768, 570
0.0000004768, 135
0.0000007153, 463
0.0000007153, 852
0.0000004768, 362
0.0000007153, 967
0.0000007153, 228
0.0000004768, 1
0.0000009537, 240
0.0000004768, 502
0.0000007153, 409
0.0000004768, 335
0.0000004768, 76
0.0000004768, 273
0.0000004768, 257
0.0000004768, 645
0.0000004768, 53
0.0000007153, 567
0.0000009537, 692
0.0000009537, 880
0.0000009537, 655
0.0000007153, 457
0.0000004768, 689
0.0000004768, 959
0.0000004768, 937
0.0000004768, 881
0.0000007153, 747
0.0000004768, 383
0.0000007153, 45
0.0000004768, 736
0.0000004768, 152
0.0000004768, 674
0.0000004768, 46
0.0000007153, 384
0.0000004768, 169
0.0000004768, 482
0.0000007153, 162
0.0000007153, 332
0.0000007153, 536
0.0000004768, 489
0.0000009537, 685
0.0000004768, 351
0.0000004768, 326
0.0000004768, 801
0.0000004768, 66
0.0000007153, 166
0.0000007153, 729
0.0000009537, 624
0.0000004768, 163
0.0000007153, 521
0.0000007153, 490
0.0000007153, 835
0.0000004768, 322
0.0000007153, 757
0.0000004768, 352
0.0000004768, 764
0.0000004768, 213
0.0000004768, 394
0.0000004768, 194
0.0000007153, 712
0.0000004768, 439
0.0000007153, 711
0.0000007153, 650
0.0000004768, 658
0.0000007153, 207
0.0000004768, 871
0.0000004768, 468
0.0000004768, 303
0.0000004768, 186
0.0000007153, 484
0.0000004768, 308
0.0000004768, 562
0.0000016689, 956
0.0000007153, 607
0.0000007153, 953
0.0000009537, 888
0.0000011921, 282
0.0000007153, 995
0.0000007153, 286
0.0000004768, 755
0.0000004768, 585
0.0000004768, 16
0.0000004768, 462
0.0000004768, 240
0.0000004768, 49
0.0000004768, 376
0.0000004768, 325
0.0000007153, 760
0.0000004768, 973
0.0000009537, 971
0.0000021458, 978
0.0000004768, 616
0.0000007153, 431
0.0000007153, 283
0.0000007153, 616
0.0000004768, 657
0.0000009537, 676
0.0000004768, 732
0.0000004768, 296
0.0000004768, 327
0.0000004768, 161
0.0000007153, 306
0.0000007153, 258
0.0000007153, 709
0.0000004768, 702
0.0000004768, 670
0.0000004768, 754
0.0000004768, 420
0.0000004768, 468
0.0000004768, 876
0.0000004768, 271
0.0000004768, 466
0.0000007153, 647
0.0000004768, 172
0.0000007153, 718
0.0000007153, 431
0.0000054836, 381
0.0000004768, 74
0.0000004768, 664
0.0000014305, 229
0.0000007153, 215
0.0000004768, 275
0.0000004768, 629
0.0000007153, 846
0.0000004768, 533
0.0000007153, 580
0.0000004768, 907
0.0000004768, 432
0.0000007153, 832
0.0000004768, 260
0.0000004768, 929
0.0000004768, 70
0.0000007153, 27
0.0000007153, 869
0.0000007153, 300
0.0000004768, 335
0.0000004768, 97
0.0000004768, 228
0.0000004768, 544
0.0000007153, 732
0.0000009537, 357
0.0000007153, 409
0.0000004768, 307
0.0000004768, 576
0.0000007153, 550
0.0000004768, 121
0.0000004768, 406
0.0000004768, 181
0.0000004768, 68
0.0000004768, 644
0.0000007153, 974
0.0000007153, 33
0.0000004768, 382
0.0000009537, 880
0.0000004768, 698
0.0000004768, 149
0.0000014305, 566
0.0000007153, 547
0.0000011921, 131
0.0000004768, 806
0.0000004768, 878
0.0000004768, 796
0.0000007153, 678
0.0000004768, 664
0.0000004768, 2
0.0000004768, 728
0.0000004768, 981
0.0000004768, 431
0.0000004768, 358
0.0000004768, 267
0.0000007153, 142
0.0000007153, 970
0.0000007153, 603
0.0000007153, 419
0.0000004768, 284
0.0000004768, 568
0.0000004768, 142
0.0000009537, 229
0.0000004768, 406
0.0000009537, 927
0.0000007153, 64
0.0000004768, 138
0.0000004768, 280
0.0000004768, 492
0.0000007153, 975
0.0000009537, 975
0.0000004768, 679
0.0000004768, 237
0.0000004768, 572
0.0000004768, 47
0.0000007153, 93
0.0000004768, 266
0.0000004768, 651
0.0000004768, 58
0.0000004768, 896
0.0000004768, 155
0.0000007153, 561
0.0000004768, 110
0.0000004768, 676
0.0000004768, 131
0.0000004768, 623
0.0000004768, 625
0.0000004768, 67
0.0000004768, 249
0.0000004768, 68
0.0000004768, 136
0.0000004768, 610
0.0000004768, 30
0.0000004768, 140
0.0000004768, 169
0.0000004768, 155
0.0000004768, 362
0.0000007153, 859
0.0000007153, 301
0.0000004768, 975
0.0000004768, 101
0.0000007153, 305
0.0000007153, 679
0.0000004768, 964
0.0000009537, 753
0.0000007153, 854
0.0000004768, 351
0.0000004768, 332
0.0000004768, 40
0.0000004768, 121
0.0000007153, 925
0.0000004768, 738
0.0000007153, 450
0.0000007153, 952
0.0000007153, 81
0.0000007153, 874
0.0000004768, 525
0.0000007153, 994
0.0000007153, 941
0.0000004768, 639
0.0000004768, 779
0.0000007153, 300
0.0000004768, 442
0.0000004768, 271
0.0000007153, 925
0.0000004768, 932
0.0000004768, 9
0.0000009537, 888
0.0000004768, 229
0.0000004768, 261
0.0000007153, 923
0.0000004768, 664
0.0000007153, 344
0.0000004768, 793
0.0000004768, 630
0.0000004768, 15
0.0000004768, 830
0.0000007153, 61
0.0000004768, 566
0.0000014305, 548
0.0000004768, 940
0.0000009537, 189
0.0000007153, 979
0.0000004768, 47
0.0000004768, 975
0.0000004768, 737
0.0000004768, 266
0.0000007153, 713
0.0000004768, 464
0.0000004768, 76
0.0000007153, 880
0.0000007153, 927
0.0000019073, 590
0.0000007153, 711
0.0000004768, 462
0.0000004768, 1
0.0000004768, 373
0.0000004768, 287
0.0000004768, 385
0.0000007153, 899
0.0000004768, 361
0.0000004768, 937
0.0000004768, 717
0.0000004768, 637
0.0000004768, 388
0.0000004768, 570
0.0000007153, 592
0.0000004768, 977
0.0000009537, 210
0.0000007153, 181
0.0000004768, 415
0.0000004768, 103
0.0000007153, 733
0.0000004768, 828
0.0000004768, 564
0.0000007153, 761
0.0000004768, 81
0.0000004768, 472
0.0000004768, 322
0.0000004768, 570
0.0000004768, 412
0.0000007153, 832
0.0000007153, 666
0.0000009537, 741
0.0000007153, 117
0.0000009537, 125
0.0000004768, 439
0.0000007153, 674
0.0000007153, 786
0.0000007153, 24
0.0000004768, 22
0.0000007153, 129
0.0000009537, 796
0.0000004768, 463
0.0000007153, 393
0.0000007153, 628
0.0000004768, 502
0.0000009537, 951
0.0000007153, 694
0.0000004768, 804
0.0000004768, 204
0.0000007153, 763
0.0000004768, 949
0.0000004768, 70
0.0000004768, 703
0.0000009537, 405
0.0000007153, 954
0.0000004768, 225
0.0000007153, 118
0.0000004768, 673
0.0000009537, 788
0.0000007153, 53
0.0000004768, 21
0.0000004768, 415
0.0000004768, 920
0.0000004768, 876
0.0000004768, 713
0.0000007153, 705
0.0000007153, 93
0.0000004768, 666
0.0000004768, 139
0.0000021458, 863
0.0000009537, 620
0.0000004768, 599
0.0000004768, 431
0.0000007153, 831
0.0000007153, 51
0.0000004768, 919
0.0000009537, 453
0.0000004768, 150
0.0000007153, 825
0.0000007153, 637
0.0000004768, 356
0.0000004768, 953
0.0000007153, 4
0.0000004768, 273
0.0000004768, 44
0.0000007153, 459
0.0000004768, 711
0.0000004768, 443
0.0000004768, 135
0.0000007153, 964
0.0000007153, 842
0.0000004768, 164
0.0000004768, 202
0.0000004768, 796
0.0000004768, 445
0.0000004768, 935
0.0000004768, 416
0.0000004768, 865
0.0000004768, 200
0.0000004768, 435
0.0000004768, 930
0.0000007153, 347
0.0000004768, 852
0.0000007153, 780
0.0000004768, 263
0.0000004768, 667
0.0000004768, 467
0.0000007153, 544
0.0000007153, 273
0.0000007153, 923
0.0000004768, 205
0.0000007153, 750
0.0000004768, 531
0.0000004768, 935
0.0000004768, 15
0.0000007153, 110
0.0000004768, 162
0.0000007153, 926
0.0000004768, 430
0.0000004768, 764
0.0000004768, 415
0.0000007153, 424
0.0000004768, 486
0.0000007153, 844
0.0000004768, 681
0.0000004768, 247
0.0000004768, 483
0.0000004768, 143
0.0000004768, 807
0.0000004768, 145
0.0000004768, 808
0.0000004768, 331
0.0000007153, 576
0.0000004768, 192
0.0000007153, 80
0.0000004768, 68
0.0000004768, 620
0.0000004768, 154
0.0000004768, 218
0.0000007153, 838
0.0000004768, 40
0.0000007153, 414
0.0000004768, 893
0.0000004768, 294
0.0000007153, 772
0.0000004768, 318
0.0000004768, 200
0.0000004768, 22
0.0000004768, 48
0.0000007153, 593
0.0000004768, 380
0.0000004768, 487
0.0000007153, 706
0.0000004768, 559
0.0000007153, 893
0.0000007153, 671
0.0000004768, 880
0.0000004768, 450
0.0000007153, 771
0.0000004768, 126
0.0000004768, 48
0.0000004768, 243
0.0000016689, 879
0.0000007153, 891
0.0000007153, 534
0.0000007153, 324
0.0000004768, 45
0.0000004768, 256
0.0000004768, 289
0.0000004768, 199
0.0000004768, 637
0.0000004768, 9
0.0000007153, 113
0.0000007153, 828
0.0000007153, 310
0.0000004768, 484
0.0000007153, 140
0.0000004768, 806
0.0000007153, 690
0.0000004768, 28
0.0000004768, 197
0.0000007153, 936
0.0000004768, 373
0.0000004768, 926
0.0000004768, 362
0.0000004768, 105
0.0000004768, 82
0.0000004768, 484
0.0000009537, 589
0.0000004768, 668
0.0000004768, 181
0.0000007153, 20
0.0000007153, 544
0.0000007153, 387
0.0000009537, 67
0.0000007153, 838
0.0000004768, 697
0.0000004768, 12
0.0000007153, 311
0.0000004768, 652
0.0000004768, 765
0.0000004768, 585
0.0000004768, 35
0.0000007153, 909
0.0000004768, 509
0.0000007153, 653
0.0000014305, 834
0.0000004768, 200
0.0000009537, 669
0.0000009537, 338
0.0000007153, 42
0.0000004768, 369
0.0000007153, 226
0.0000004768, 739
0.0000004768, 311
0.0000004768, 105
0.0000004768, 732
0.0000007153, 736
0.0000004768, 774
0.0000007153, 852
0.0000004768, 109
0.0000004768, 508
0.0000009537, 189
0.0000007153, 67
0.0000007153, 939
0.0000004768, 943
0.0000004768, 375
0.0000004768, 489
0.0000004768, 155
0.0000004768, 117
0.0000007153, 863
0.0000007153, 59
0.0000004768, 337
0.0000004768, 664
0.0000004768, 450
0.0000004768, 351
0.0000004768, 861
0.0000007153, 882
0.0000004768, 13
0.0000004768, 384
0.0000004768, 502
0.0000004768, 436
0.0000004768, 49
0.0000004768, 450
0.0000004768, 473
0.0000007153, 368
0.0000004768, 281
0.0000007153, 549
0.0000007153, 54
0.0000004768, 144
0.0000004768, 499
0.0000007153, 413
0.0000009537, 158
0.0000004768, 156
0.0000004768, 901
0.0000007153, 83
0.0000004768, 34
0.0000004768, 39
0.0000007153, 442
0.0000004768, 912
0.0000004768, 773
0.0000004768, 782
0.0000004768, 176
0.0000004768, 532
0.0000004768, 334
0.0000004768, 239
0.0000007153, 549
0.0000007153, 79
0.0000007153, 719
0.0000009537, 234
0.0000007153, 654
0.0000007153, 156
0.0000004768, 272
0.0000004768, 562
0.0000004768, 260
0.0000007153, 233
0.0000011921, 263
0.0000004768, 80
0.0000009537, 609
0.0000007153, 278
0.0000004768, 16
0.0000004768, 289
0.0000147820, 685
0.0000004768, 77
0.0000004768, 797
0.0000007153, 106
0.0000004768, 226
0.0000004768, 446
0.0000004768, 866
0.0000004768, 392
0.0000007153, 856
0.0000004768, 190
0.0000004768, 870
0.0000004768, 837
0.0000004768, 470
0.0000007153, 262
0.0000007153, 602
0.0000009537, 663
0.0000007153, 595
0.0000004768, 220
0.0000004768, 903
0.0000004768, 559
0.0000004768, 6
0.0000007153, 266
0.0000007153, 738
0.0000004768, 236
0.0000004768, 582
0.0000004768, 167
0.0000004768, 876
0.0000004768, 952
0.0000009537, 905
0.0000007153, 746
0.0000004768, 23
0.0000004768, 33
0.0000009537, 342
0.0000007153, 618
0.0000009537, 907
0.0000004768, 944
0.0000004768, 101
0.0000007153, 834
0.0000004768, 824
0.0000004768, 585
0.0000004768, 349
0.0000004768, 300
0.0000004768, 192
0.0000007153, 691
0.0000004768, 668
0.0000004768, 511
0.0000007153, 257
0.0000004768, 201
0.0000004768, 964
0.0000007153, 944
0.0000007153, 662
0.0000007153, 945
0.0000004768, 66
0.0000007153, 555
0.0000004768, 740
0.0000004768, 236
0.0000004768, 106
0.0000004768, 370
0.0000004768, 731
0.0000004768, 558
0.0000007153, 823
0.0000004768, 868
0.0000004768, 987
0.0000007153, 981
0.0000004768, 810
0.0000004768, 644
0.0000004768, 976
0.0000004768, 78
0.0000004768, 898
0.0000009537, 914
0.0000004768, 554
0.0000004768, 881
0.0000004768, 461
0.0000004768, 155
0.0000004768, 389
0.0000007153, 148
0.0000004768, 144
0.0000004768, 629
0.0000004768, 915
0.0000014305, 655
0.0000007153, 597
0.0000004768, 397
0.0000004768, 312
0.0000004768, 388
0.0000007153, 11
0.0000004768, 137
0.0000004768, 882
0.0000007153, 874
0.0000007153, 811
0.0000004768, 341
0.0000004768, 730
0.0000007153, 623
0.0000004768, 678
0.0000004768, 569
0.0000007153, 955
0.0000004768, 94
0.0000004768, 9
0.0000004768, 650
0.0000004768, 422
0.0000004768, 922
0.0000004768, 106
0.0000004768, 941
0.0000007153, 846
0.0000007153, 179
0.0000004768, 18
0.0000007153, 551
0.0000004768, 379
0.0000007153, 468
0.0000004768, 622
0.0000004768, 4
0.0000009537, 167
0.0000007153, 356
0.0000007153, 562
0.0000004768, 84
0.0000004768, 393
0.0000004768, 993
0.0000004768, 944
0.0000004768, 187
0.0000004768, 720
0.0000004768, 582
0.0000007153, 659
0.0000007153, 933
0.0000004768, 228
0.0000009537, 186
0.0000007153, 151
0.0000007153, 703
0.0000004768, 532
0.0000004768, 935
0.0000004768, 686
0.0000007153, 550
0.0000004768, 527
0.0000004768, 834
0.0000004768, 805
0.0000007153, 717
0.0000004768, 594
0.0000004768, 282
0.0000004768, 485
0.0000004768, 895
0.0000004768, 727
0.0000004768, 751
0.0000004768, 128
0.0000004768, 663
0.0000004768, 746
0.0000007153, 912
0.0000004768, 34
0.0000004768, 614
0.0000004768, 408
0.0000009537, 895
0.0000004768, 42
0.0000007153, 414
0.0000004768, 520
0.0000007153, 451
0.0000007153, 171
0.0000007153, 642
0.0000004768, 844
0.0000004768, 222
0.0000004768, 8
0.0000004768, 864
0.0000009537, 101
0.0000007153, 385
0.0000004768, 509
0.0000004768, 15
0.0000004768, 329
0.0000004768, 353
0.0000007153, 22
0.0000004768, 316
0.0000007153, 506
0.0000004768, 653
0.0000004768, 500
0.0000004768, 427
0.0000004768, 169
0.0000004768, 538
0.0000007153, 647
0.0000019073, 761
0.0000007153, 794
0.0000007153, 954
0.0000009537, 635
0.0000007153, 310
0.0000004768, 81
0.0000004768, 775
0.0000016689, 412
0.0000004768, 70
0.0000004768, 543
0.0000004768, 395
0.0000004768, 386
0.0000004768, 824
0.0000004768, 61
0.0000004768, 731
0.0000004768, 828
0.0000007153, 412
0.0000007153, 570
0.0000004768, 5
0.0000007153, 41
0.0000004768, 54
0.0000007153, 545
0.0000009537, 781
0.0000004768, 237
0.0000004768, 395
0.0000004768, 679
0.0000004768, 639
0.0000007153, 303
0.0000004768, 744
0.0000007153, 507
0.0000004768, 264
0.0000004768, 765
0.0000007153, 655
0.0000007153, 823
0.0000007153, 141
0.0000004768, 639
0.0000007153, 457
0.0000007153, 678
0.0000004768, 34
0.0000004768, 63
0.0000004768, 844
0.0000007153, 294
0.0000004768, 923
0.0000009537, 912
0.0000004768, 210
0.0000004768, 188
0.0000007153, 719
0.0000004768, 183
0.0000004768, 484
0.0000007153, 794
0.0000004768, 668
0.0000009537, 967
0.0000007153, 672
0.0000004768, 548
0.0000004768, 264
0.0000007153, 452
0.0000007153, 759
0.0000004768, 582
0.0000007153, 175
0.0000014305, 288
0.0000004768, 622
0.0000007153, 899
0.0000004768, 168
0.0000007153, 142
0.0000007153, 300
0.0000004768, 697
0.0000004768, 796
0.0000004768, 350
0.0000004768, 375
0.0000004768, 127
0.0000007153, 737
0.0000004768, 513
0.0000004768, 902
0.0000007153, 724
0.0000004768, 52
0.0000004768, 953
0.0000004768, 175
0.0000004768, 501
0.0000004768, 652
0.0000004768, 733
0.0000004768, 975
0.0000007153, 678
0.0000004768, 379
0.0000007153, 172
0.0000004768, 725
0.0000007153, 231
0.0000004768, 645
0.0000004768, 577
0.0000004768, 668
0.0000004768, 350
0.0000004768, 4
0.0000007153, 416
0.0000004768, 650
0.0000016689, 419
0.0000007153, 480
0.0000004768, 948
0.0000004768, 371
0.0000007153, 946
0.0000004768, 680
0.0000009537, 642
0.0000014305, 401
0.0000004768, 358
0.0000004768, 714
0.0000004768, 184
0.0000007153, 432
0.0000009537, 13
0.0000007153, 440
0.0000004768, 235
0.0000004768, 904
0.0000007153, 929
0.0000004768, 654
0.0000007153, 855
0.0000007153, 638
0.0000004768, 352
0.0000004768, 402
0.0000004768, 118
0.0000004768, 438
0.0000004768, 231
0.0000007153, 973
0.0000007153, 554
0.0000007153, 204
0.0000004768, 545
0.0000007153, 321
0.0000004768, 145
0.0000004768, 566
0.0000009537, 860
0.0000004768, 539
0.0000007153, 620
0.0000004768, 305
0.0000007153, 524
0.0000007153, 377
0.0000009537, 708
0.0000007153, 821
0.0000007153, 364
0.0000007153, 737
0.0000004768, 217
0.0000004768, 179
0.0000004768, 290
0.0000007153, 132
0.0000007153, 835
0.0000004768, 615
0.0000004768, 249
0.0000004768, 671
0.0000004768, 724
0.0000007153, 500
0.0000004768, 187
0.0000007153, 353
0.0000004768, 499
0.0000004768, 270
0.0000004768, 282
0.0000004768, 634
0.0000007153, 217
0.0000016689, 862
0.0000011921, 867
0.0000004768, 28
0.0000007153, 266
0.0000004768, 366
0.0000009537, 237
0.0000007153, 776
0.0000004768, 267
0.0000009537, 866
0.0000009537, 551
